IMAGE NAME                               NECROSIS AREA           IMAGE AREA           PERCENTAGE 
img_20140103_002951.jpg                  52299.0                 926823.5             5.6 
img_20140103_003001.jpg                  1682021.0               946729.0             177.7 
img_20140103_003109.jpg                  481701.0                0.0                  0.0 
img_20140103_0031111.jpg                 440674.0                967999.0             45.5 
img_20140103_094847.jpg                  14513.5                 891650.0             1.6 
img_20140103_094850.jpg                  227490.0                907714.0             25.1 
img_20140103_094858.jpg                  280177.5                956836.5             29.3 
img_20140103_094946.jpg                  407283.0                1021631.5            39.9 
img_20140103_094949.jpg                  498530.0                1104319.0            45.1 
img_20140103_094951.jpg                  647146.0                968676.5             66.8 
img_20141210_095039.jpg                  380172.5                932508.0             40.8 
img_20141210_095052.jpg                  16588.5                 834898.0             2.0 
img_20141210_095057.jpg                  749802.5                1093226.5            68.6 
img_20141210_095059.jpg                  739901.0                1114660.0            66.4 
img_20141210_095102.jpg                  667376.5                1157058.0            57.7 
img_20141210_095107.jpg                  71441.0                 840585.0             8.5 
img_20141210_095113.jpg                  611255.0                1042227.0            58.6 
img_20141210_095114.jpg                  34088.0                 843905.5             4.0 
img_20141210_095117.jpg                  677902.0                1021797.0            66.3 
img_20141210_095118.jpg                  641382.0                999260.0             64.2 
img_20141210_095121.jpg                  118670.0                788204.0             15.1 
img_20141210_095125.jpg                  269664.5                874412.5             30.8 
img_20141210_095146.jpg                  509915.0                857073.5             59.5 
img_20141210_095148.jpg                  82028.0                 1083308.5            7.6 
img_20141210_095151.jpg                  1350056.5               4894566.0            27.6 
img_20141210_09515100.jpg                1369881.0               2217102.5            61.8 
img_20141210_095153.jpg                  1097821.0               4059364.5            27.0 
img_20141210_095154.jpg                  50073.0                 3957158.0            1.3 
img_20141210_095155.jpg                  151523.0                4788213.5            3.2 
img_20141210_095159.jpg                  1155135.0               1911819.0            60.4 
img_20141210_095205.jpg                  720134.5                1234839.0            58.3 
img_20141210_095208.jpg                  898864.0                1529153.5            58.8 
img_20141210_095216.jpg                  1098457.5               1892810.0            58.0 
img_20141210_095220.jpg                  1173852.0               1988580.5            59.0 
img_20141210_095237.jpg                  684114.0                3163686.0            21.6 
img_20141210_09523700.jpg                318279.0                669833.5             47.5 
img_20141210_095240.jpg                  899710.0                4159507.5            21.6 
img_20141210_095242.jpg                  651549.0                1224391.0            53.2 
img_20141210_095243.jpg                  946023.0                4364710.5            21.7 
img_20141210_095245.jpg                  1136905.5               2131619.5            53.3 
img_20141210_09525512.jpg                809823.0                1538221.5            52.6 
img_20141210_095326.jpg                  222322.5                3979492.0            5.6 
img_20141210_095329.jpg                  226939.5                2607416.0            8.7 
img_20141210_095333.jpg                  249583.0                2652802.5            9.4 
img_20141210_095337.jpg                  137738.5                1613231.0            8.5 
img_20141210_095341.jpg                  178307.5                1483547.0            12.0 
img_20141210_095343.jpg                  3951456.5               2105878.0            187.6 
img_20141210_095346.jpg                  6420955.5               3642104.0            176.3 
img_20141210_095347.jpg                  381615.5                3458989.0            11.0 
img_20141210_095411.jpg                  53695.5                 2377804.0            2.3 
img_20141210_095428.jpg                  156202.5                735885.0             21.2 
img_20141210_095431.jpg                  38465.5                 793171.0             4.8 
img_20141210_095434.jpg                  49220.0                 1015067.0            4.8 
img_20141210_095446.jpg                  267743.0                1301241.5            20.6 
img_20141210_095449.jpg                  397185.0                1972703.5            20.1 
img_20141210_102304.jpg                  45139.0                 2729140.5            1.7 
img_20141210_102321.jpg                  52213.0                 5561172.5            0.9 
img_20141210_102323.jpg                  65610.5                 6451224.0            1.0 
img_20141210_102335.jpg                  404786.0                5855525.5            6.9 
img_20141210_102336.jpg                  404786.0                6280636.0            6.4 
img_20141210_102337.jpg                  404786.0                5667612.0            7.1 
img_20141210_102408.jpg                  115400.5                6335987.5            1.8 
img_20141210_102410.jpg                  1065.0                  5076714.5            0.0 
img_20141210_102412.jpg                  60843.5                 4291260.5            1.4 
img_20141210_102417.jpg                  30481.5                 3502795.0            0.9 
img_20141210_102447.jpg                  65334.0                 5483087.5            1.2 
img_20141210_102451.jpg                  27695.0                 3390281.5            0.8 
img_20141210_102452.jpg                  39928.5                 3795831.0            1.1 
img_20141210_102454.jpg                  21597.5                 3420287.0            0.6 
img_20141210_102522.jpg                  173226.0                3678077.5            4.7 
img_20141210_102523.jpg                  52833.5                 3448143.5            1.5 
img_20141210_102526.jpg                  197764.0                4681436.0            4.2 
img_20141210_102544.jpg                  56426.5                 6347753.5            0.9 
img_20141210_102634.jpg                  129749.5                0.0                  0.0 
img_20141210_112700.jpg                  660550.0                4165411.5            15.9 
img_20141210_112704.jpg                  468176.5                3866455.0            12.1 
img_20141210_112706.jpg                  644558.5                3728306.5            17.3 
img_20141210_112816.jpg                  176261.0                3650954.0            4.8 
img_20141210_112855.jpg                  81192.0                 334713.0             24.3 
img_20141210_112858.jpg                  261952.5                623728.0             42.0 
img_20141210_112904.jpg                  90804.5                 387032.0             23.5 
img_20141210_113022.jpg                  247392.5                1566153.5            15.8 
img_20141210_113053.jpg                  55817.5                 924178.5             6.0 
img_20141210_113059.jpg                  36366.5                 1084223.5            3.4 
img_20141210_113105.jpg                  23121.5                 1060058.5            2.2 
img_20141210_113129.jpg                  49236.5                 378186.5             13.0 
img_20141210_113144.jpg                  949005.5                2692371.0            35.2 
img_20141210_113149.jpg                  785771.5                2712687.5            29.0 
img_20141210_113205.jpg                  684190.5                4790389.0            14.3 
img_20141210_113208.jpg                  567211.0                4281559.0            13.2 
img_20141210_113213.jpg                  102389.0                1675850.0            6.1 
img_20141210_113216.jpg                  125753.5                1925317.5            6.5 
img_20141210_113217.jpg                  239381.5                2801541.0            8.5 
img_20141210_113422.jpg                  209798.0                559773.5             37.5 
img_20141210_113426.jpg                  315505.5                813040.0             38.8 
img_20141210_113429.jpg                  377583.5                973014.5             38.8 
img_20141210_132143.jpg                  2176507.5               2642905.0            82.4 
img_20141210_132203.jpg                  3040038.5               3846793.0            79.0 
img_20141210_132404.jpg                  644988.5                2907157.5            22.2 
img_20141210_132424.jpg                  1570736.5               1973420.0            79.6 
img_20141210_132445.jpg                  164720.0                1726034.5            9.5 
img_20141210_132500.jpg                  22419.5                 142029.5             15.8 
img_20141210_132504.jpg                  6275.0                  82796.5              7.6 
img_20141210_132511.jpg                  5425.0                  76031.0              7.1 
img_20141210_132513.jpg                  10643.0                 76792.5              13.9 
img_20141210_143615.jpg                  50674.5                 3192398.5            1.6 
img_20141210_143640.jpg                  29733.0                 2513222.5            1.2 
img_20141210_143642.jpg                  28662.0                 3178240.5            0.9 
img_20141210_143701.jpg                  197776.0                3743550.0            5.3 
img_20141210_143707.jpg                  203122.5                3664639.5            5.5 
img_20141210_143717.jpg                  515340.5                4126683.0            12.5 
img_20141210_143719.jpg                  575634.5                4028126.0            14.3 
img_20141210_155010.jpg                  244910.5                2149036.5            11.4 
img_20141210_155012.jpg                  23135.0                 1993973.0            1.2 
img_20141210_155022.jpg                  56768.0                 3357167.0            1.7 
img_20141210_155024.jpg                  68266.0                 3819148.0            1.8 
img_20141210_155027.jpg                  60826.5                 4309788.5            1.4 
img_20141210_155037.jpg                  181492.0                3720967.0            4.9 
img_20141210_155040.jpg                  427126.0                4476496.5            9.5 
img_20141210_155057.jpg                  95688.0                 3494450.5            2.7 
img_20141210_155136.jpg                  685527.5                3152675.5            21.7 
img_20141210_155146.jpg                  516953.5                2214077.5            23.3 
img_20141210_155148.jpg                  326338.5                1879801.0            17.4 
img_20141210_155153.jpg                  378406.0                1944736.0            19.5 
img_20141210_155155.jpg                  269433.0                2120902.0            12.7 
img_20141211_090059.jpg                  1238037.0               3864908.5            32.0 
img_20141211_090102.jpg                  1458274.5               4128711.0            35.3 
img_20141211_090104.jpg                  1400457.5               4074480.5            34.4 
img_20141211_090114.jpg                  1860146.5               4264184.0            43.6 
img_20141211_091041.jpg                  121804.5                1716218.0            7.1 
img_20141211_091049.jpg                  308982.5                4075610.5            7.6 
img_20141211_091051.jpg                  198454.5                3388495.5            5.9 
img_20141211_091053.jpg                  201257.5                2808474.5            7.2 
img_20141211_091105.jpg                  305067.5                4710629.5            6.5 
img_20141211_091107.jpg                  181764.5                3876543.0            4.7 
img_20141211_091109.jpg                  285767.5                4021549.0            7.1 
img_20141211_091111.jpg                  280772.5                4488407.0            6.3 
img_20141211_091112.jpg                  273639.5                3981791.0            6.9 
img_20141211_091114.jpg                  217607.5                3497647.0            6.2 
img_20141211_091138.jpg                  245433.0                3441827.5            7.1 
img_20141211_091141.jpg                  132366.0                4222861.0            3.1 
img_20141211_091146.jpg                  208524.5                4469636.5            4.7 
img_20141211_091149.jpg                  266792.0                5215203.5            5.1 
img_20141211_091152.jpg                  229550.0                6383250.0            3.6 
img_20141211_091154.jpg                  166034.5                4624682.5            3.6 
img_20141211_095422.jpg                  274108.0                3399719.0            8.1 
img_20141211_095424.jpg                  229459.5                3241852.0            7.1 
img_20141211_095555.jpg                  535609.5                3789360.5            14.1 
img_20141211_095557.jpg                  462748.0                3482469.0            13.3 
img_20141211_095559.jpg                  432287.0                3473687.5            12.4 
img_20141211_095614.jpg                  527254.0                4727448.0            11.2 
img_20141211_095616.jpg                  347494.5                4610476.5            7.5 
img_20141211_095619.jpg                  404592.0                4261850.0            9.5 
img_20141211_095622.jpg                  475122.0                3594270.0            13.2 
img_20141211_095626.jpg                  495913.5                4846506.0            10.2 
img_20141211_095633.jpg                  172015.0                1132624.5            15.2 
img_20141211_095645.jpg                  1927410.5               4271801.5            45.1 
img_20141211_095647.jpg                  536684.0                3803167.0            14.1 
img_20141211_095650.jpg                  374724.5                4217297.0            8.9 
img_20141211_095659.jpg                  38175.5                 1092922.5            3.5 
img_20141211_095710.jpg                  708223.0                3568049.0            19.8 
img_20141211_095713.jpg                  763175.5                3933251.5            19.4 
img_20141211_095715.jpg                  728326.5                3707852.0            19.6 
img_20141211_095717.jpg                  849836.5                3928591.0            21.6 
img_20141211_095720.jpg                  849836.5                4212201.0            20.2 
img_2014210_094955.jpg                   414922.0                784149.5             52.9 
img_2014210_094957.jpg                   543263.5                896964.5             60.6 
img_2014210_095029.jpg                   0.0                     1075542.0            0.0 
img_2014210_095033.jpg                   282601.5                1084451.5            26.1 
